32
32
2
1111110000000110000100101111101011100110111011000000000000001100111011000001110011111110000010001111101000000100111101100001000011111110111111100000000000000110111111001111111000100010111100101111011011111000000010000000100011111010110111100000010000000110
1111111011011010111100001110111000000100111100100001010011101000000000101110110011111110111011101111011011100110111100000000111000100100111111100001001000000100111100001101100011101110000100101111110011111010000000001111111000000000111110101111100011110110
1111011011101010000110101110111000001110111111000001001000000110111001000010001000000100111101101111000011011110001000100001111000001010111100000001101000001100111101000000001000001010000000001111001011110100000010000000100000000010111011001111001000010000
0000110011111010111100000001110011110100001001100000000011101100001011101111101000001100000010100000110011111010000000001111110000010110000011001110000000001110111101101111001000000110000010001110101011110000111100001111101000101000000010001111111011110100
1111001000011110001011101111000000011000111011000001101011101110111001100010000011110100000010000000111011111000001100100001110011101100111111000000010000001000000101000000100000010000000000100000101000011110111111100000001011101000111011100001001000011100
1111001011110110110100100001101011101110000010101111011011101100000111100000000000101000110111001111001011110000111110101111001011111010000001101101111000100010000110000001110000000000001000000000001011110000111101000000111011111010110111101111111000001010
0000000000010010000001001111000000011000111100101101111000000100110111001111110011101100000001100000111011110000000000000000100011101110111101100001100011100110000010000001010000010010000010001111101000100100111000001111101000001000111111100000111000001010
1111001000010010000101100001010011011100111100000001011011010010000101000000001000001110001010100011000011111010111110100000111011111110001000101110000011111110000111000000100000100110111001101110010011011010000011001101111011111100111010101101111000010010
1111101011111100000011100001010011110110111111000001001011110010000001001111110000100110000101000010101011111100001000000001101011110100000000101111000011111100001000000001100000011110000000001110000011111110110100100000010000000010111100100000110000011110
0000111011111000111110001111001000010000000010101111100011111110111101000000101011101010111010000001111011110010111110001111100000001110000011000001011011110100111101100000000000000100000011101111110011101110000011101101110000010110001100001111011011111100
1111100000000000111001000000000011011010111110101111100000000110000001001111001000010100111111001101011000100000110001001101101011111100000000001110011000001000111100000000100011111000111110101111001011100100000101000000111011111000111001100000011011110000
1111101000000110111001000000011011110010111011001111100000001100111101001111100000000100111100001101011000001000111000001110001011011110000001101111011011111100110110000000101011100110000001100000110000001100111011000001011011101100111100100001110011110000
0001011000000010000110100001001000000110111100001111101011101110000010100000110000000100000111100000001011110000001010100010101011100010111111100000000000001010111110100001010011111110111010101110010000010110111101101111110000000000111110101110101011111100
0010100011101100111011001111000011101000111110001111011011110000111101101111101011111000000110000000110000001110000001001110000011101100000010101111010000010100111011101111111000000100000100101110101011110110001001101111000000001000111101001110100011011010
1111001000010100111000000010111011110010111011001111010000001100000000000000001000000100111000101111000011101110111111101110110011001100111001101111101011101010111110000011000000000000000111101111110000010100110101101111111000000110111010000000001011101100
1111110000000100000001001111001000010000110111000000110011111110110111000001011011000010111101100000010011111100111000100001000011110010111111100001011011110100110110001110111000000010001000001111010011111010000010001111101000010100111110101111100011111110
0001011011110000111110000000111000000000111010001110000011110110000011001111001000000100111001101111000000011100000011001101011011011000001010001110101000001100110001100001010011101010000001000001010011011000000110001111001000000010000010101110011011111000
1111101011100110111101001110110000000110000000000000100000000110111001000000011000001010111110100000101011111110111011001111100000011000111011000000110011111000000001101111101011111000000001101111110011101110000000000001000000001100111110001111010000011000
1110011000000100111101101110110011110000111101001111001011111100000000000010010011110000111010101110000000010010000000000000010011110100000011001111111000010000000000001111000011111100000110000001011011111000001101000001011011110100111011001111011000001010
0001000011100110111110101111101011110100000010001111100000010100111011100000111000000100111110001111111011101010111110001111001000001000111010000001110011110010000010101111111000010000111101101111101000011110111101100000111011111010000011100001000011111000
1111010000010110000110001110110000010110111101101110101011111010111110000000001011110110001010000000001000001000110110101111110011111110000010001111101000000000000001001110111000000110111000100001011000000010111111000001100000000000000000000001110000000110
0000100011111010111101101111111011101110111100101111111000000100111111101110110000000100000011100000100000001000111110000000010000001000000011100000111011110110000100101111010000000010000000100000001000010100000010101111000011110010111111100001001011110010
0000000000010000110110001111011011110010000100101110010000000010000111001111110011100110000011100001010000011010111111001111010000001110000110100000000011111110111111001110011011111000000101100000011011111000001100101111011000001000000101101110101000001010
0001111011111110000101100001110000010010111011100000100011110100000000000000100011101110111010000000001011100010000100100001100011011110111101001111010011111000111011101111101000001110000101000000000011111110111111100000000000010100111010001101101011111100
1110100000000000111100101110101000000000000010000000100000000000000001100001000011101000111111101111011011111010110111100000001000101000000001100001011000000000111110001111101011111100111101101111101010111110001001101110111000001110000000101111101000000100
0000110000011110001000101110100011110000111011001110101000100010110110000001110000000000111010001110001000100000111001101111111011110010000010000000001011111100111000000001011000110000111111000000110011111110000011000001010011111000110101001110110000000010
1111010000000000000010101110111000110010111010101111111011101110111110101111100011101100110101100000011011100100000011101110111011100010110100100000010000101010000000101111101011001110000111101110011000100010111001101111100011101000000111100001111011111010
0001001011111000000110101111111000000110111100100001001011101110000001001110111000011000000001100000000000010010111011100001001011111010000110101101110000110000000101000000000000001110110111001110100000010000111111000000101011011010111110000000110000010100
1111110000011100110101100010101000110100000111001111111000100010000010101111011011100000111100100001100000010000000111100000001000110000110110000000011011101000000100001110000000000010000110001111101000010110111010101111100000000110000111100001010000011010
1111000011111000111001100010011011110010000011000010001011111100000010100000000011101110000101101110101011101100111100000000001000010010110111101111100000001110111110101111110000010000000001001101011011110000111101101111110011111010111010101111100011110100
1111111000001100000011000001011011100000110011100001010011101110111001101111111000000100000111100000011000000110000000100001111011101000111110100000000011101010000110000001011000000100111101101110011000011100111001101111000011100000000001000000111011110110
1111010011110010110001101111001000000100111101001111000000010010000110101101000000000100111001001101111000010000110000001101100000010100000000100001101011110010111100101111110011010110000011100001010011101010000101101110110000001010000100001111100011101100
1111111011110100000001001110110011011010111111100000011000101010111000100000110000010110111111100000100011101100000000001111101011011100110111000000010011110010000100001110110000010110000010000001101000001000111111100001101011111100111100001111110000001000
1101111011011010111011100010011000001010111010000000011011111010000001001111001000000010111110101110100011111000111011001110101000000100111100101100110000001100111100100000010011111010111100001111011000100010110100100000111000000100110101100000111011110110
1100101000000010000010100000011011110100000000000001100011110110111000100000110000000010111010101111110011011000111011000000001011100110111010000001001000001110000010000001001011101100111101000000100011110100000010101101011000001010111111101111011000011100
1101011011101010111110101101111011101110000101000001111000000010110110001110011000011000111010001110000000001010111100101111000011011110111011001110111000010100110100100010011011101100110101000010001011110110110100000001110011100010111101001110101000010000
1111100000001000111111101111111011111000000101100001100011100010111101100000000000001100111010001111101011110110111110100001000011111110000110100010010011110110111100101111101011100010000100000000100000100010000011000001011011101000000101101111000000010000
1111111011100010000001100000011000001110111100100000100011110110111101101111100000000000111011000000000000001010000011001110000000001110111001001111001000111010000100101111101011111000000010101111111000000010000011101110110011111100111010101110110011111100
1111111011101000111011001111100011101100111001101111000000010110000100100001010000001110111000101110101011101100000000001101000011011100111001101101010011111110000000101111101011111100000010001111001000110100110110100001011011101000110110000000101011110010
0001011011111010000010001111100000000000111010000001100000010010000011001110010011111110000101001110010000000000000000100000001000010010111101001110110000010010001010001111100000010000111010001110101000001100111010100001100011100110111010001111000000010010
0001000011111110111100000000101000000110111010100001000000100000000001000000000011110010111101000000100000011110000100001110110011101010110110101110011000000000000101001110110011111010000011101110100000100010000000000000010011110010111101001111001011100010
0000000011111100000111001111001000000110110100000000001011111000000010001111111000000100000110101111101000000010000101101111110000000010111011001110111000000110111010100001010011111000110100100000000000010010110101101110010011110100111100100001101000001110
1110110000000110000010101110000011111110111001001111001000011100110111100000000000001010000101100000010000001000000000100000010000000100111010001110111000001100000011000000010000011110111001000000110011011110000010001110110011101100110011000000010000001110
1110111000001100000001001111000000010100110101100000010011100010000000000010001011100100000001100001101000011000000010101111111011100010001001001110010000000010000000000000100011101110000011000000000011110110000010001110011000010100111111000000101011111110
1111011011111010000010000000011011111100000010001111000000010100000110001111000000000010000011100000000011101110111110100000010000010000111101000000101011100100111011100000101000010110110011100010010011101100111010001101101011101110111110101111100000011010
1110100011111010001000101110110011110010110001001111011000011010111111100000010000001100000010100010100011001010000100001111100000000010111100101111001000000000001011001111100000000100000000001101111011110110000001000001100000011100110000000001110011011010
0000100000011100111100100000101011101010000011101110100000100000000101000001001011111100111110101111000000010000000011000010000011011000111010000001000000000100111110001110111000011110111110000010111000000100111000001110010000001000000010101111101000001110
1111001000010000000001000001110011111000000010100000000011000100000000100000001000000100000110001110101011110110111110101111000000000100000100101110110011111010111011000011000011100010111100101111001011111010111100101100111000000000111110101111010000011110
0001000000001110000100000000001011110000000100101110110011100100001000000000001000001100000101001111111000000010000101101111100000000010000010100001101011111100000000001111111000000010000011100000111000000000000101001100100011101000000010001111101000010100
1110110000100110000110000001100011101100111110100000001011110010111101000000111011111010000001000001001011111100000001101111110000001010000001001110101011100100000010000001010011101010111111101111010011101000111001101101011000001010000001000000101000000110
0001110011101110111101100000011000001100000100100000000000011100000110101111111011111100000111101111000011110110111111100001111000110000111111100001001011110010000101101110110000011010000010001111110000000100000101001101010000101000000011000000001011111100
0001110011100000111001101111100000010010000001101111010000100100000100001110111011101010001000000000111000001100000010101111111011100100111011101111100000001000000000000000001000011110000001000001110011110010110011001111110000001110000011100000011011110010
0000100000010110111100100000101011100100001001001111100011100110000100100000101011111010111100101110101000100010000000000000101011110100000011000000001000000000111101100000111000010010111110100001100000000100111110001110000011100100000001001101101000001000
0000010011111010111100001111101000011110000100100000000000011010111011100000010011111110000010100000010011100110111010000000010000010100111010100001110011101100000001000000000011111000000101000000111011111000111110100001111000100100000101100001101000000000
1110111011111010001010101110101011101100111001101110100000000110111101100000000000001000000110100010001000010000000010001111110011100010001000101110100011101000111100000010000000001110111001000000110011110100000000001100111000000000111100001111011000000010
1111010000010110110110001111101000000000000100001111110000001000111111001101110011110110000010101110010000011000000000000000110000010100111001000000110011111100000100001110111000010000000001000001010011011110000000000000000000000010000011000000001011101110
0001001000001000001001001111110000000110111001101111111011100000110110001111101000000100000001001110100000001100000110001110100011110000111010101111010000110100000100100001010011101100111110001111010011111010000101101101110011110010111110101111001000000010
0000001000100000111111001110111011110110111111000000000000000010000011000010001011110010000001000000010000101010000100000001111011111000001100001111011011100000111011101110110000001110111101001111101011111010111110000001100000100000111101100001000000001000
0000100011111100000011000000100011110010111110000001111000010010000010001110111011100110111110001100111000010000111111101110101011101100110111101101000011101010111100100000100000000110111010000001000011111010111001101110111011101010111110100001011011111100
0000011011111100000001101111101011100100000101000000001011110000000001100000000000010110000010100010011000000100000001100001001000101100000111000001110011100000111001101111110011111110000100101111001000001010000001100000100011101010111111001101110000010000
0000010011110010000000101111111000101100111100001101101011010000000010001111001011110100000010101111010011111100111001101110011000011110111101100010100000011010111101000010010011110110111100001111011011111110001010001100100000000010000001001110101011101100
1111011011101110111101000001111000000100000111001111011011110000111010001110111000011100000010001111101011010010111100101111110000010000110100100011000000010010000001000000011011101000000010001111111011011100111110100000010000001010000010101110101011111000
0001000000001000000100000001010000000010000011001111111011100110000100101111110000001010000001100000100000000110000001000001001000001100000110000000000011111000000001000000001000000010111101001111010000010100111101001111111011100100111110101110101000000010
1110100000000010000000001111111011101110110100100000000000000010111110000000111011111000000001001111010000001110000111101110011011001110111110101011110000001010111101000000110011100000111100100001010000000100110111001101010000000100111110000010010000001000
