32
48
6
111111101111111011110110000010111111101111110100111011101111010000100101000001001111111011110111000011010001011011110010000000101111101011110101111110111110000100000011111010110001001111101110000000010001101000011000111101000000100011111101000011110000000111100011111111111111001000000000111010000000011000000100111111010000010011111010111111001111110111101111000010001111100111110001
111111101111011011111010000011011111001111111001000000001111011100000101000011000000010000011110111010011111011011111101000101111111100011011111000110010000100011111101111101010000100000100010111100011111101111111101111010001111110100000100001011001110111111111110000000010000010011111000000001010000010100011101111000011110111011110100000011001101100111100110111111011111011000011111
111100100000111111111010000001011111010000000010111010000001101100001001000011100000001000000110000000000000010011111001000001000000110000000011000110111111000111110010110010011111101100001110111000101111011100001011111011111101011000000110000001111110001111111001111011111110111011101101111100110001000000000000000000101111100000000101001010000000101111011100111111100001001011110111
000111111110111100000110111111100000000111101111111101010000011100001001111110001111001011111111111000010001001111111110111011000001011100100110111001011101110100000011111111011111000000011010000100110000110011111010111001100101011100001000111011010000010011110000000100001110110111101011000001100000101100001110111000010000000100010001111111011110101000011110111011000001101011110111
111010000001011111011010000001101110100011111011000000110001011011111100111011001111110011111010000000011110111011111110111010011111011111100110111111010000011011101001110000011101011011101101000001000000001111100011000100111111011100011100000010101111000111111000000110011111011000011001111111100000111000000010000100010000101111110111111100010010001000001000111111000000010000010101
111111011111001000011001111000111111011100000110000010010001101100010011000101010000010100000110000110011111100111111101111100100010110000000000111010100001000000101010111011100000001101000110000110010000010000000001111011010001010100010100111111001101111011010000111110000000100111010110111111010010100100001100111111000000000011101001000101110000000111111000000011111110000100001110
111100010000001011110100000010001111000000001101000100000000000011101001111110000000010011101011000000010001000111101010111110101111000011110100000100001111000100011000000110111110100100000100111000011111111011100001000001011111100000001011111010100000000100001100000000000000111100000000111011001111101111101000111111101111011111111100000101010000011111111100111111011110101011011001
111010110001000011101110000010000001001000011101000100111111100100001001110111011110010100010111000000000001000111111100000110110000001111111010111001001111101111110011000010001111111011101101000111010000011000000000111010000000101100000111001010000000100011011100000100111101001011111001111110110001001011110101000100111110111011110101000011110000010100011010000011010001011100000010
111110111111101111111000111101100000100111110100000001000001011000010101111110001110100011111010000110101110100111100110111110001111000000010001111100011111000000001100111001001110001111110101111111111110110011110111111011000001001000000100000000101111100011010001000011011111000011110110111111101111100111111001000010101110110111111110000100110000000000001111111100111111100011101110
000101000010010000000001000100100000000000011001000010001110101011111110000001101110111000000111111011001111010011111100111101001110011011101111000000111110101100000011000110101110010100011110000001011110100011110110111101111110001011110101111101111111011000010000111001101111100111110110000110100000010111100110000000001111110111111111111011001111111000000010000101100000010111110111
111010101110111100101011111000110000000011101010000000101110000011111010111100100000001111111111000010100000101000000000111111110010101100001111111111100000001111111010000100110010000011111000000011100000111100010100000101100001011111101011111111011111111011111100111111111111010111100011111010111111110000010010111100101110111100000111000000101110110111101000000011000001000100001010
111000011110010100001100000000101111101011101111111110010000111111110100000101101111101011111110111111001111101011110110000001110001000011111110111001100001101000000100000001100001101111111100111011111111010000110000000011110000011111101000110111000001100100000000111101010001011000001001111011101111000100100011111001111111111111100111000100111111010100001001111111001111011111100010
000011101110111100001011111111000000100111111001000101100010000011110001111110110001010011101001111111010001000011011111000000011111011000000101000000000000101011110101111110010001010011110101110011100001001100001001111110100000111000000011111011010000000100010011001001000000000111111100111110011111101011010011111111000001000100001010000001110001101000000111111100000010001011111011
000011101111000000000011000110010001110111100010001000101101100111110001111101001111001011111100111111100000010011111100000110000001110100010100000011100000101011001110000110000001000000001000000001100000101100000101110110000000000111110001000010100001100100000001000111110001100100000010000001000000100100000000111111001110111000011101111010010000100011100001000111001110111100010110
111011101110110100000000001000001110111111110101111001100000010111111101111110110001010111111010000101111111101011110001111110100000101011101110000001100000101111110110111110000010010000000000000000110000010100000000111110000000111111100101111010100000110000000101000011000000011111101100110011010000001000001110000000010000100111111100000001100000011000101000111100110001110010111001
111001000010001100010101000110101111011011111010111111111111010011111001000101101110010111111000111010000001010011011110000001000000010111011101000101011111111000000100000001000000011000001010111110011111000011101110111011001111111011101001000101111111001000011000110111000000100100010101111011011110001000010100000000110000000111111110111010011110101111111010111101100000001111110110
000001010000110000010011000001101111000111101001000101100001011111000111000100100000000100000101000010110000010000000010001000000001110000001011111110001111010111110101110101111111011100001100111111010001110000000011000010001110100100011110111010110001110111001110000101000001111111101011000100011111101111110110000001110001011000001110000000110000101011100000001000010010110000001011
000000111111111000010111111110000011010011101010000000000000100100000011000110111111011111111101000010011111010100001010000000010001010011111010001000011111111100000100000000111111100111111010000001001111011111110110111000111110101011101101111111011111001100001001110110011111111000000110000010011101000000010001000101011110110100000101000010010000001100000010111101001110010100000011
111100010000110100011011111010111100101100000100001001000001001100000111000110110000111011110111000010000001010100000001111011010010101100000101111111000001011100000110000001100001011011111001000010001111100011100101000001111110000100010100000011001110010111101101111100011111110011111100000100001111010111110100000001010000011100000000111110110001100011100100000101001111001000101110
000011111111000011100100111100111111001000000000110001001110100100110111000110011110111011011011111100110000001011110101111011111110011011110101111101101100011111111110000100010000011000001000111111101111000000000010111000010000010111101110111011100000001100000110000011000000010111011111000000101110111111110100111010101111101100001001111011001110111111111010111111111101011111101100
000001110000010011110101111101001111110100000011000101111111010100000011111011110001000011111000111110101111111000000100000111101111110000000000111111011111001111101101000010101111110011011101111110100000000000010110111101100001101011110010111110010001000111101010000100010000110100011001111001111110101000000110111011010000100111100111111100110000100000001000111000100000001100000001
000111001111011011101010111010110000101000000100111010101110111100100011111110011111100111101000000011010001000100000100000101111110001011111111111001010001000111110001000011011111111011110100111101110000010011110110000101101111110000000001111100110000110000001011111110100000000000000010000110111110110100000110111111101111111011110101111000000000011100000100111110111101001011111010
000101010000001011111010110101010000010000000111000110100000101100001111000010111111101000100001111010110001001011111111000100000010011100011010111011010001001111110100000110011111100000011101111100000000011000001010110110101111111011101111111111100011001100000001111100001111100100001100001001011111010111100101111111110000111000010010000000110000111100011100000011011111010011111110
000010110000110000100010000110000000000011110101000001000001100011111101000100100000110011110110111111100010011100000010110110101111000011101010000110000001000000010111111100100001101000001101111110100000110111110111111001010001000111111110000100011101101011110000000010110000100011101011111011101111000100000011000001011111110100010100111001110000001000010101111100001110000111111111
000101000001011111101110111001100000010100010010111110101101111000010011000010001110000100010011000011010000110100000111000010010000101111101011111101011110010100010101111000011110110100010110000011000000010000001100111101001110001000000111000100001111111111111101110100001111000111110000111110110001101100010010111111010000110111100011000101011111001011100100000001010001110100010101
111110110000000100010100000100101110000011110111000100100000001100010101111101011111110111111110111101000000001100000001111100010001001011101010001010011110111011101001111000100010101011100000000100100000101000011101000001100000001111110100111100110001001011111111111111011111110011111010111001000000011111101010111111100001110011110010111100011111111000010100000001001111010011101000
111110010001011100000000000010001110110100010111111100111110110111111110111110010011000100000110111101101111000111010111111000101110111011101101000110000000101111110100000010001111000000000100000101101110110011111011111110110000010111110101000001001111010100000111000101010001010100000100000010111101111111111000000101010000000100001001111101001111011111110110000111010000101100010011
110101100000000000011000111001111111110000011000000010100001001100000000111111010000011011111101111100000000011111111000000100011110111000011110111111100001000011110111000010100000011011111100111111001110101011110010001011000001100000000100000000011110010111110100000011001111010011111110000100010000001011111011000000011110111011100001110111001111001000000011000100111111000001001101
111100110001110111101010000011010000110100000100001000101110010111111011000110000001101100011010111011001111111100000101111101101111100011111100000110110000010100110101111101101101000000011101111100010000111111001100000010110000100011111011111010011111001000010000000100001110011100101101000000100000001111111101111110110001010000011000000101000000000000110110000000110000101111110110
111100010000101011110110000011010000101100001101111001001110100100001110111111011111110000000111111110010000101111110101000001000001111000001011111011110000000000010111111010100010000111111001111001000000000011110110111111100001001011111110000001011101111111110110111111101111101011110000110110110000100100010100111010100001001011111000000010001111000011111011000000010010000100001011
110110001110111100000011000000100000001000001011000000011110001111111101111110001110001011110011000001001111101011111000111101011110110111101101111101111110110111100110111110001111000111011010111110010011010011100111000000101111101111111010000001001110011000000111000100110000001111100001111001010001110000001011111110010010000100001011111011111110010000000011111111010000010111111100
000100010001110011110100110101001111100011111001111111010000011011100110111011100001111100010110000011010000010000000000001000010001010111100011111010001111110000000000000101110000111100011101111111101111100111111111000100011111000011101011111101110001100100011001110111000000110011100110000011010000011111111100111110000001011011111010000010101101100111111100111011011111111100000110
111100001111001000100110111111011111100011111110000000100001001111110010000011111111011111110111111110010000101100001011001000010001000111101110000010000000010000010100111100011111100111100010000100010000010011110000000011101111101000010111111101011110001111111100000011110001111100000100000001010000010100010010000000111110011100010001110110110001010000000000000000101111101000100101
000001011110110100001101111110010001000111111010000011011111111100011111111001011111111100000101111110111111111111010111111011000001001000001110000101010010100111110001000000000001001100011010000010101111000111101101000001111110101100000001111100000000000011111011000001000001001111110011111111001111110011111110111111110001100111110110000101000001101011111111000110101111011000100000
000011111110011100100001111100011110001011111101000111010000100100010100111110010001100100100101000001011111011011101000000011010001011100001101000011111111000100001101111000100001001011110000000100110000100100011110111100101101110000011001000010001111000011110110111000000010000011101100000000000001011000100110111110010000001111111100111000101111011111110001111011110000111100011010
000011000001000100000101111010100000111111011110111011100010000000010100000000011111111011110110111101000011110111110010000010100000000011001000000101110000110100001101000000100001001011111110000000011111110111111101111100001111010100011101111111010001001111101010111100111110111100010000000011101111110010111100111101111111101111101000000101110001010100001010000101111110010111111001
000010001111101000000001111100011110001100010011111011110000010011111110000100110001001000010000111100010000001011100001000011001111111000001110000101100001001011111001111100110000000000001000000000100001100000100001111101111111110000000001000101000000000011111111111111111111001100001100111101110001011111101111000001011111100000010000111011100000100011110111111100100001000111110000
000001111111101111110111111101110001110111111010111101010000011000010000111101011110110100001000000010110001000011111010110010000000100100000111000110010001100000110100111110011110101011000000111110111111101000010010001001011110111111011000111000110000011000000000111111110001001011101001111011001110000011110101000000001111111111010101000011001111101000001011000010110001011000001010
111101011111101111111001111101111111000011011010111111111111100011101000000110001111011011110110111111000011010100000110000001110011010000100001000010001110011000010101000011001100110000000110001010001111001100010110111111110000101011110111000101010000000100001111000011100010001111101001000000000000001011111010111000001110010111011101000001010001100011110001111111111111001100110101
111100010001101011101001111001010000011000001111000000100001000100000101111010011111110100001101001100110000100100000000000000110000100111111000111011111101111111100011000100110000000100000010000000110000101111110100001011000001101100001100111011000000000000001010000011101111100011111000111110011101101011100000000000110000011000001100000110000010000100001011110101110000111100001000
111000110000000111110100111110010000001111111011000000001111100111100110000001110000001000000101111111110001010100000111000001000000100100010111111110101111000000110101111010110001000011101001000101100000000011110010001010011111000111110110111101011111010100001011000010000001010000010110111011001110001011010011111100111111001011101011111111011111111111111010111110010001011000000101
111000101110101011100111111000000010000111101100000010000001011111101101110010101111111011111111111011100001010111100001111111110000100011110100111011000000001111110111000101110001000100001001000111001110110111100100111110010000000100000000000101011111101011111010111100001100110000010110111111111110110100000001000001011111110000001000000111000000001000001101000101111110111111111000
000100100001010111111011000010100001000011101110111010010001011000001101000000101110000011010011000101101110101000000100000101000000110011111100111100111110110000000001000010100001001011100011000100011111011011111001000010100000000000010100111111010000011111101010110101000000111000010011000000011101100100001111111111001111110111101100000001111111100111111011111110011111000100011001
111011011110101011101110000100011110110111111101111101111111010011111100000111110000001000000000110110111111011011100101110111010001100000000000000011001110111000011110111011000000000111110111111100011111111100011011111011011110011100010000111110011110111100011000000010010000010100001001111010001111000000010101000010010000100111110101000010001111101100000001000010111111101100000111
111110110000010011110110000001100000000111000100000001010000000000001000111011110000110000001000111000100001100011111110111100000000110111110010111010100001010111101001111100110001101011101011000011100001101011010110000101010010100100000100000011000001100100000011110111010000101000000010111001100000100000010111111101110000000011110010111111010000000100000110000010000001000111100100
111111100000101000010011111010010000001011111110000100011111100011101111000001111100001111101101001000011111011100001010111001110010011100010000111110010000110111111011000111111110010100001100001101000001011011101111111101101110100000011011111111001111001000010101000100110001010011101101000010111101001011110010000110101110001000010010000000011111100000010000111101111101000000001101
111001111110110100010101111100001111100011110110111001101110110111101100000000010000011100001000110011010001101011110000000100001111101111111001110111111111110000010010111111000001111011110001000110011111000011010100111101111111011111111101000100110000001011110000111110111111010000000001000010111111110100011100000001011110101000010111111111001111110111100101000011000001101000011001
000111011111011011111011111011101110101100000000000111001111011100001001111000100001001111111111111111011111101011100101000110000001000100000111111000001101101011011110000010011111110100000100000000001110101000001101111101010000101000001111111110110000100011110110111111101101110011111110000000000001001111111010111011100001111111101111000000111110110100001110111110101111001111101000
111110000000110111110011000100011101110011111110111000110000000000000010111101001110101100011010110111100000010000001011111010110000010000000101111010110000101111100010111110111111011011011111000101000000001100001111000010001111001111110001001000000001101100000110111010001111010111111111111100010001111000011111000101110000001111110110111111000000010011110111001000101111010011101110
000110011111001100011010111110000000111011111000000011110000011100000110111111110010000111111111111110111110110100010101000100000001000100000111111001001111101111101100111101011111100000001111000000010000110111110111000000101111111100000000111100101101111100010010111101011101001111101000000000011111101111101110000001100000011000000001001100001110111000010100111111001110011011011101
111111101110110100000111000111111111010000100010000010100001100111111110111001000000011011111110001001011111100000000101001000011111110000011110111101001111100000000000000110101111100111110000111111010000011111011111111111010010000011101011111010110000010000010011111110110000011100000000111011000001010000110110111110000001001111111010000110101111111000000011111000010001010000000101
111110000000010011111000000010100011011000011001000100100000001100000011000010011110110000010111111000111111101111111111111001000001101011100010111110011110100100000111000101010010001011111100000000101110001111101000000000010001001111110101000101111110001011101010000110100000111000001100111100100000101000011001000000001111000111111000000001111110101111101111001001000010101100010010
111101101111010100000001000110101100111011101101111100111110100100000110000011000000111000010101110100110000110111111011000010101110000111110100111101000000100011101000000000011111100011110111111100011110001011101101000001111111100100010011000011000001011000001011111001011111001000001111000000100000100011111010000000101111111000000110000100000001010011011100111101110000000100000100
000101010001101100011000111111100000101100001010000010100000101100001111111100011110010111110110000000011111001000010010000000110001100000000011000100111111000100010111111110010001011100010011000001111111100000000110111100010001101111101111000001001110101000000001000110011110110100000100111110010010011100100000000101000000000111101100111010011110111000010001000000100000011011101001
000000001111000111110111111111110000100100000011000101011111011000010010000000011111111111101100000000011111010011100101111101110000001011011111000001111101110011101101000000001101111011101010000010010000011111101000111011010000011111111110111101101110111000000100111010000001010000010010111100101110100111111110111100010001011111111110000011100000000111111100000111101111100100000011
000010000000010011111100000101010001100000000110111111000000001100010000111111000001111011111101111110010000011000011000111101100001000011111000110110110001101000011110111101100001100111111001000100101110100111110111000011010001000100000100110111110010001000000111000010101110011100000010111000101110111100000011111110101111001100011000000000010000000100000101000001110000000011110110
000000100000101011100011111101100000111100010001111111110001011000001001111010001110110000001000111110011111000111110100000001000000001111111110000000001111001100011100111010101111111011010100000100101110111000010000111110101111011011101111111101011111011111100011111110101110011011110101000110111110011111010100000011100000000111110111000001001111000100001101111010111110101000001101
000000111111001000000111000011010000000100000001111010111111100111111010000100001110011100000010110110111111100011110110000111001110010011101111000000101110001011111110000011100000111000101000111110100000110111101011111111001110011100001010111111101111110100001110000101111101011000011010000001001101010011111010111001101111110100011110000000101111001100001000000100111111111100000000
000001000000111111110101111000000000001111111110000110000000111011110111111011010010000100011111111000110000001100110111000000110001001000010000000001111111111111110001111110011110111100011100110110111101110111110110111000110000000000001010111100010000110000100010111100011110110000010000111111011111011000001001111100000001001100010000001001110011000111100100000111101111010000001101
000101000000010100000000111110111111001100000100000001000000010111111110000111111111011111110010111111001111101111110010111010011110000100001110000011000000010111011111001000011101101000001100111001000001000111011100000011101111011011110000111011011111011000000011111100111111010100000110111010010000001011111000000000111111100000000010000011110000011100010001110100011111101011100101
111011011101011011100100000100101111110000000010000110101111111111111010110101001110111011110101111111011111111111100010110101101111101000000000111111100000011011111010111010000001000111101110000100001110011000010011000001110000100011101000111110110000011011110111110111101111110100001000111110000001111100000000111100011111101111110110000010111110101111110001111111010000111111101000
000110011111100100011101000000010000010100001001001010100000011100001001000010001111100011111101000000101111111100000000110101110000000100010000111100000000000000000111000000000010011011101110000011111111100011110101000110111111111011110011111111000000100011110000000100011111100011011011000110100000110000010000000110101110101011110111111000001110010111111100000001101111010011111110
111110111110100111111100000101101111001111111000111101000000010011110100111101100000011011111100111110011111000111100011000100111111001111101101111111101111101111010001000001010000101100001110000100110000101011101010000101111111010100010101001001010001110100000001111111110000010100000101000010110000111011100111000100010000000100001101000100000001110000000011111110001111100011101001
111111000001010000010001111010010001011111111100111101100000001000010001111110110000111000001011110011110000101011110111110111010000111000000010111110110001010100001011111110101111000011110000000001111111011100001100111010000000001100001101111011101110011011110110000001011111100100010101111111011101110011111101111110100001110011101010000100101110101100010010000100101110111000100001
001000010001100000000111000011010001011111100101111110110000010111110011000110111101110011111100111100010001100000000001000000111110111000000110000101110000100111101110111111010000011100001010111100010000001000001001000100100000010111111011111001110000010111111001001001000001000111110100111110010001110011011110000010011110101000000010111100001110100000001100000010011110111100001100
111110010001001111110011111010111101111100010001000100011111111011111010111110101111001100000110000001000000111000000010111010010000100111111011000010110001000100001111000001001110100011101011111111100001101000000111000001000001100111101010000000000001100000000110000000011111011100010000110111110000101100000100000011100000011111101011111100100001111000001110000011111111111011110001
111111110000100100000010111110101111110000101100000010110010011011110110111101011110101111100001111001100000111011111110111111001101111011110010001000111110111111101001111010001110111111010111000000001111100100111110000000100001000100101000000010111111000111111011000001001111010000010010111001100000000111110011000111111111000000010111111011100000001011110010111100011111101000001010
000000111111101000011111000110000001011000000001111010101111101100010010000111101111110111111110000001010000001111111110001001001111011100000110110101010010101000100100111101010000001000000110000010111111100111100000000011101111011011110100111110001111101111101010001010110000001011100111111001000001001011110111111111010000110000101101000000101111011100110001111101110001101011111011
000011010010011011111101111010101111111000101100000000111111111011001101111111100010101111101001111111000000011011111100111101111110011000000101001010001111000100001001110111111110100000010111111110011101111100001111111011000000001000000000111100110000000100010000000011100000010100011101111101001110111000100001111110010000100000000011000000110000011000001011111111011111011100001110
001011110000010000001101000010010001000100000000110110101111101100010000111111100000011011110011110111111101110100011111111011000001100000100111000010011111101100100110000101011111001000010001111111001110010011110100000100001111110100000100000011100010010111111001111111001110110100001001111000110001100111110111111010110000001000001111000100100001110000001101111110010000010100011010
000000001111111111111101000010000010100011110110111001100000001100000000000001101111001000001011111011110000001011110001111101110000000011111011111000100001101011110101110111010000001011100111000000101110010011110010000000011111010111110111000110001101101100000110000010111110111000001000111111110001001111111110111111011111100100000110000001011110001100000110111101100000001000001111
000000010000101100010100111100010000100011100010111010111110100000000010001000100001011000100000000011110000010111111010111111000000000000011100000110011101010000001101111110000001001100000010000001101101110111111001001011011110001011111010111101110010010000001001000001001110011000011001111001100001010111111111111011000010100000001111111110000000111100000011111101101101100111101101
000100100000000111111110111011100000010100010011000001000000101100000111000010100000110111111011000110010000001100011001000010011110110000001000111001010010010100010011111111110001010100010001000101101111000111101011111101100010010011111001000100110001100111110100000001000000010011110001000110010000101111111110111001010000011100100010000100001111011100001101111110110011000100001110
111010100000010000001101000011001111100011101110111111110001011000101110000010001111110011100001111110100001010111111101111000000000100111100111000001111110111011110110000011001111011011110111000000111111101000001100110110101110110000000100111100011111100111111101111011001110110100100100111100110001110100000000111100110000101011111011111100110011011111110100000001010001111000001111
111101001111001100000110111111010001110111011110000000000010011000011111111111010000101100000011111111111100111100000110001001011111001100000000000001100000101111111110000011011111110111101101001000110000100100000101000101010001001000000011111001001111000111110010000100011110101111000010000100100001001111110000000001101111001011111010000111001111101111101111111101111111010111111100
111111011110111011110101111011010010001100001110001001001111100000010100111011111111010011111000111010010000001000001000001000110000100000001100110101011110110111111100000001011110110111010000110011011111010000000101111011100001100000011011000110111111001100010001111111110000011000001000110110110000111100000010000101101111100000011000111100100001001111111010111101010000001011111111
000010100001100111110110111110110001000000001000000010001111100011110111000000011110011100001000000010001110110011100101000010111110011100001111000000010000000011110011000011111110101111111100111101110001001111110010110100110001000100011100000001111110110111110110000000011111100100001111000011010000010011110001001000001110000011110110111100101111111000100100000010101111111011101100
111101110000110000001110110110111111011011011001000111011111011100001010000110101110100000010101000111011111110100000001000110100001110011111001000111101110110000001000000100010000010011011000111100101111011000000010001100000001011011111110111110010001101011110010000000011111100000010100000111110010001100001010000010100001001100011001110111111111010000001001000110011111110011110011
000100111111100111101011000001110000001100001011000010110000111000001011001010110000000011101101000010011111111011100111111010011101111100010011111101110001101011011110110101101111111111111011111100101110110011111001111101110000000000101000000000101110100000000110000111000001001000011011000010110010101011110110000111101111000101001000000110100000011100010011000010010000101111110101
000011011110101100010011111101011111100000000010000101100010000100011101000000001111010111111110111001010001010111011010000001011100101000000111000001010000001111111111111011011111101011011100110111000000110011101010111011110000100111111000001001011101110100001111111100111111001000001111000010010010110000000111000110100000100011110101000011000000111011110111111010110000011011111011
001000010001000011101100111011000001001100010000000000111111001100011001111111100000111011111101111011011101101000101101000100000001101000000001000101011110001000010000111101110001001100000001111011000001101011101010111111110000101000001101000000011110111000001110111001111101000100100111001001000000000100000001111000101110011111111000000101001101010011111011000000101111111100000000
111100101111100100011101000100011101111111110010001001000001011100000000111100101101000000010111111101100001010000010101001011111110010000000000111001110000001000000000000001001111010100000110000010110000110100001001000000000000111011111110111110110001011111111000111100011111001111100101000111101111111111110111000000111111111111100111111010010001110011101110111110100000001011111111
000011011111110011110100000010111111000011111000111111101110101000000010111110110000111111111000111100101111110100000111111101101110111111110101111100111111001011101001111011001111111000010000111011010000000111101001111110101110011011110011000001110000010100011111110111011111101000000101111110011110011011101010111111100000111011110111000111111111110011101010111100011110110011111110
000011001111010111111000000001110001101100010011111100000010000100010000111011110001010011011110111111010001010011011110111011110001010100001101000101010001000011100001111111111111010100010111000011111111011000001111000001110001000111101010111101101111000011100000000000110000010100011101000001000000100000000010000000000001011011101010000010011110110111101001001010110001000000101101
111010000000010111110010110111010001100100011110000000010000111100101000111100000001011111101000001011001101001000000010111111001110111000001111111111011111101011110110000111111111011100000000000010000001011111011110111010000000001100010111000011001111001000001100000001011111000000001001111100000000110100000001111101111111101111111100000011110000101000010110000001001111001000001101
111001011110001100000001111111000001001000000111111111001111111111100110111010111110010011110011001010001111001111101000111011011111111111110100000100011111010011111011111110100001101000010010000000101111011111110111000001110000010011110111111000010000100011101111000000010000100111100000000000110001011111101101001001010000100011100011111111000001101100001000000001000000101111110001
000000010001011000001101001000100000110000000011000100100001001000101101111010011101011011111100000000010000001000001000000001010001100000001111000101001101010000010000111110100000101100000100111000011111110111101101000110111111111011111111000011100001011011110000000110001101001111111101110101110000111111101001000000011111010111100111111000100001001000000100000000111101111011110100
000100110001100011111101000010111101111111100101111101111111011000000101111101011111111000010000000100100000000111011011111010110001111011111000000011010011101111110100000000101111110100001011000000110000010111010100111001010000000011110110111100001110110011110000111010110001111000001010001001010000101000010010111010011111111000000101000000011110111100001010000110001111110011011011
000010000000010000000001000000011101000000000101000000010010111000000011111111110000011011110000111001001110000100111111000110011111110011011100000001110000010100101000000111001111001000000100000111100001010000001011000100011110101111101011111110110010111011101011111101011111101100000000111100011111111000011110111011000000111100100000111011000011001011101010111001011111100000001010
110011111110100011011110000100101111001000011010111110110001011100011111000001100001101111100100111111001110100100000000111010001111010011111100000000010001000111100101000001001110110100000101111010010001110011101001000100000010010111100111111110010000001000011000000010000010010100001110000010001111100111101010111111110000001100001011000011001111111111110110111111101110001111111100
000010000010001111111110111101011110011011100010000010101111110100000110111011001110100011111000000010100010111000101110000001000000111111111111111101000000010111101110000001000000111100011100000001110001011000010101111011111101110111110100000010100000100100001111111011011110001100001110111111111110100111110011111000000000100000000111111101000001110011111001001000010000011000101001
110110101111010000000101110110110000101011111011000001110000001000001010000111110010001011101110111011001110111100010101111000110001000000011001000010101110010100000011111010100001010011111111000100011111011100000100000010101111110011111000000110010000010111110100000010110001000100011100111110011111010011110100111001001111101011100111111111110000111011101101110111111111001011110001
001010100001101000001101000010100000011111110011000100011111101111101100111111111111111111111011000000000001000011111111111100101111101100010011000001111110010011111111000000110000111000011010000000111111011011101000111100100000001100001001000100000001001111111110111001001111110100000000111110110000011000001101111011101110101000000000111111100000111000001000111000010001000111101101
000101110000100000000100111111111111011000010010000001101111011111110101001000100000111000001011111011011101101000001111000000101100111000001111111000001110111011110011000111011101011100001100111110011111010100000001000001010000001111110011000010100000011000010001111011000001010011101110111110101110101000000111111111100001111000101001000010010000100100001111000101010001100000001110
111011111110000111100001110110011110101111111011000000001111001000000110000010010001100000001101111110111111011111101000111110111110000011111111111111010000010011111100000001111101011111101000000101101111100011111010000100100001101111011001110110001110001111101110111011100001010000100010111110110000100000011111111100000000001111111111000000100001000011100000000010100000000011110010
111010000000000011110111111000000001011000000111111111100010010000010010000010110000001000000111111110111111101011110010111110110001010111111000000111111110100100010010000000001110000011111000000000000000110111111111000010111111000000000111000011011111110111100100111110101111010100010110111101011111101011100110111110001110010111110000111011100000101000010101111111000000010100000001
000000101111101011010111000001110000000000011101111011100000011011010111111010001111001000001111111011101111100000011111000011011110100000000001000000101111100011101101111011101111000111110000111101001111001111100110000100000001011111100111000110001111110111111100001101000000011000000101000001001111111100000001000011011111100011110001000001100000001111111000111011000000100000000010
000001100001000100011100000001111110110011100100110100011111011111101111000010010001001000000110000000101101100111111111000000001111011111110111110110001110101011111100111000101111110100000001000101101110101000001000111010011111001011110111111111011111101000010001111110001110001011111000111101111110101111111011111111000000000100011001111111011111100000001001111101100000110111101111
000100101110111011101101111000110000000111110010000100100000101011010110111101111111000000010100000001001110011111111110000010100000000011101000000101111111001111100101111001001110101111011001000010000001101011111100111010110000000111110000000010011111100000001001111001100000000111111100000011011101110000001000001001010000110000001011000001100000001000001101000001001110101111110011
000000011111110100011001111010001111101000001100000101011110110111111110111001100001010111101100110111111101100111111110000011011111010000100000111010110001101111110011111110000001100011110010111011001111010111101001000100111111010011110010001011100000110000010010001010000000100111000001111100000000000111100010111100000010011011011100111111110000010111101111111110110000000100000011
111110011111000111101110000010010000111111111000000001011110101011100011111110011110000100001011000101011110100111111000111011101111010000001110001000101111101000011111111101000011010100001101000010001111011000011111111111110010001100000110111110100001000111110110000100000000011100000110000010010000011000010011000010100001010011111001001011000000011000000111111110010000010111100111
001101000001001000101001000110111111001000010001111111011111111100000001000001110000111100010001111110110001000100000100000100001110111111101101000000011111100100000101000101101111111111110011111011010000000111101010000000010000000111110011111110100010011111110100000001011110111111110011111100110011001111101101000001011110110011111011111100000000011111100100000001100001100111110000
000011000000011111110101111001011111100100011010000010100001111011111101111101010010001000010110000010010001000000000101000110000001001011110101001001100001010000001001000100000001001111111110111001010001010000000001000100101101111100011011000010111111111000010000000101111111001100001101111011011110101000000010000001110000001111100000111110000000000111101000111100001111010111111000
111101010010111000101000000001000001011000000000000000010000001111100001000000001111011100000101000011000000110100100000000101110000000011110001000010101111100000011011111101010000000100100000001000010010000111010011111101100001110011111110111010101111010111101011111110000001011100001011111011001110011100011100000011111111010111101111000011100001011011100000000010010001011100001110
111001010001011111110100000100001111101011111110111100011110011111101000111000011111111100001010111100110000100111111011111110111111101100001001111001110000001011011100000011011111100100001101111111100000101011101111111111001110110111110110000001110001011100100011000111110000111111110010111010100001000100000111111011101111101111111001000110001110101000000110000001000010000100001110
110110111100111000010001111101111110011011101101110111110000011000001001000010011111010011111110111010011110101100001010000100101111101100000111111111101110111100000010111101111110000100100000111110110000001000000100111111001111110000000101000000011110110100000001000000011111100111111011000011001110001100010011000011110000000111010100111101001110100000001110111111110000110011111110
000100010000111100000010111111100000110000001111000100010001010000001001000100110000100011011111111111010010101011101100000011101111010100010000000100101111111011100110000011001110110111101000000110100000100111111010000101101111011100000001111111100000100011111110111011111111000111111001000010000001010111111111000101001111100100000111111000110000010100001111000100011111010100001011
111111011111001011100000111111000000110100001101111100010000101111111101000100111110101100010011000010111110100011111011111011100001010111110111110111111110110011110001000101100000110011101110000011110000000111100011000011000000111100000110111001101111011000000011000000101111100100100001000000110001110100010111111110110010010000000101111110011111101000001010000000101101111011111010
111001111111000111111110000010000000011011101110000000001110101111110001001000000001001111110111000100011101000100001100111100010000011011101100000101001111101000000001000111111110011011111111000011110001110011100111000000001101111000000001000010111101000111100100111111010000101100001100111001001111010100001100000101101111011111101100111100001111000000000010000001101111100011001011
111011000001011111100101000100100000011000011101110101100000000000011010111100000001111111110000110111001111011011111001000101101110011011100000111011001110111100000101111010101110110100011010111011101110001011110100000011011101011111101100111101010000010100010100000010010000100100001110111010011110010011111000111101111110100111100100000011001111010111110000000000110000100000000000
111011001110000111110110111111110001001000001000111010110000110100000101000000000000101100001111111100001111101100100110111110101111100100001111111010011111101011100111000010011110110111011001000000110000011111101101111000011110001111111000001011101111110011110100000111111111100000001100111000001101011111110010000010010000101011101111111011011111110100010101111100001111011100001000
000000001111011000001110111111111110100100010011111010010000101100010111000111010000110100000110000010011111001111110110000001111110011111111010111111101111100000010011000011110000101000010001000100100000011111100101111001010000101100000110000001000001001111111001111110011111111100000100000011001110000100100110000101011110110100010000000010100000110100010000111101100010100011011001
000001101110100011111011000001101110000000000010111011100001001000000011111100001111100100000010001000001101010100000110111100110000000000010010000111110001110000000000001001100000101100011000000000001110110111110001001000110001111111101110111011010001100111111101111100011111000011110000111101111111110000010010111100001110010011111100000000101111100100011011111101000000000011010010
000000101111111011010101000101101110111000011011111010101110001000001001000111001111110111111010111011101111111011010011000110001110110111110000000011011111110011100011000000111110001000010010111110000001110100001110111101100000000000001110111111011111101100010001000010010000011011110001111111111111000100010001111110000001000000000111000011101110010100011011000101010000100111100000
000101110000110000010011000100011011111100100101000011000001011011100111111111001111111111111011000101000000101011111010111000001110111011100111000110101111101000011011000000110000001000001010000011010001001011111001000010100001011011101000111111000001010111011100110011111110001111110011111111000001100000010101000011111011110000101111111010111110111111111111000001110001100011100000
111011111111010000000000111101100000100011111111111001100001000000001111111001111111000000010011000110001111011011101011111000000000100111111001111110000000100100011000000010110000101011011100111000111101110100010100111110101111011100001101000011110001010011111001000001010000000011011111001001111111110011101010000000011111110011111011000011001111011011110001111010010000101100010001
111100111111101100010001000100010000001011110110111100111111010100001111111100101111100000010010000111011110000100100010111111110001010000001111000000001111100011111100000001000000110111001100000110101111000000001111000000101111111100000111000011011111100000011111001001100000110111111101000001011110110111111001000101001111111000011110000101010000011000000110110111100000111111111111
000000001110101011110000111100111111110000000011000100110000001000011101111111001111110011111110000000000001010111110110111101010000100011111001000011101110111011101100111101011111110011110010111110101110000011111100111011010000110000101100000000111110111111111100111001111111101111110001000010100000011111110000111110110000011111101000000001011110011111110010000000111110110111011110
111111110000110011111110000111101111000111111111111011011111110011111000111100011110000000000011000011111110111000000111000100100001010011011000111010100000010000000011111100111110011000010111111010111111011011001111000000100000110111111111111101110000100111101001111011010000101011110001111011001110101000010100000000001101111100001100000000100000110011110010000011010010011100010001
111100100000110000010011000011001111110000110000000001111101001100000100000101110000011111101110111101111111001100010010000100010000011000001101111110010000111000001100000011101111011011110110111111111111110100011010000011111101101011011110000001101111100011110001001001011111101100001000111001010001011000001010000011001110101111101101000001110001100000000110111100011111101011110010
000101010000010000011110111110000000000011101111111011100001000000001001000101100000000100000000111010110001000100000001111111000000010111100101000010000000001111111111111100100000000011100000000010011111001111110110111000010010010100001110111100110000011111110001111100111111010000001100000000010000010000010110000101101111101100010100000001100001000111110110000100010010101100000000
110111101111010100000100111011101111100100000001111011010000101000001111111100111111110111110111111111100000110111100011000011110000001100111111000011110000011000000101111110101101101000011001111111101111011011110001001010000000010011101100001101001111100100001011000010110000000100011100111000100010101011001011000010000001100100010100111110101111111100011010000010100000110100110111
111111001111111111111110000101011100110000010101000000110000111111011110111011111110001011111111000101111101011000000110111111001101111000001000000010000000000000011000110111011110110111110000111101101111111100011101111100010000101011110011111100000001110111110001111000100001011011111111111001101110111000000000111110111110110000100101111100111110100000010000000001101111010111100111
111111000010000100000101111110101111101011101010000010010001000000000101001001001110010011100001001000001111110111110010000011011111100000000101000111010001100000011101000011000000011001001110111010010000011000001010001000100001011100001011111110110000011011111001001001001110101111111010111101010001001011011110000100111101100000011001110111000010100000010100001000000010000100100110
111011101101000000010101000101001111011011111110111101101111010000010100111011111110011100001100000101001110111100010111111101110000010011111010111110011111111100001111000011010000111100010000000011000001011011101100101110001111011000000011110101001111101100010101001010101111011011111010000110001111011100010101111111000000011011100001111111001110000100000101111111110010000111110011
111010110000101000010010000100100001001100000110000001001111110111111101000110010011001000011101000010100000000000001010111010111110100111101111000000011110111000010010111111011111111111110101000001110001010100000111111011000000011111011111000000000000111111111010000011001101101000100010000011110011100000000101000100010000101000001101111111011111011111111011111101010000100111111001
111011011111000011110101111100100001101011110001111100001111101000001101111111111111111000000000000011101111010000100010000000100001000100001011111110000001101011111011111100100000100100100001000101100000100100001011111001101111111111110110000100111111000100010110000110101111011100101001000101001111000000101010111110110001011111110010000000111111100100011111000001001111001000010110
000101000001111000001010111001111111100111100011111101000001100111111110000011001111101100010100000000010001001011010011000100100000010011110011111110101110111011101100111010001111000111101100111001100000011000000111000110101111101000000101000010111111110011100001111110001101110111110111111101101111110100101111111101110001000100010001000000010000101100010000111110110000010011111110
111000101111000000001101111110110000111100010111111101010001011000101000000110000010100000000100111100010001010100010101111101010000110000001001111100011111111100010111111110000000111000001010000011001110111000010111000001100000110011110011111101000001110000000010111011101110100111101001111110010000101011111110111100001111100000011011000000111101001011101111000000100000011000000111
000011000001010000001011111100011110011000010001000110010001000011111001000010101111110100000001111011001110010000001111001100110001000000001010000000010000011000000111000110101111000000001100111111100000110100000111000010110000000111111001111111010000000011111110000011101111110000000010000010100000010000000101001001011111001000011000000011001110010000010010000001001111010100000010
000000000000000011111101111110110000101111110010110111000001100100010101000110100001000011111011000000000000101000001110111111010000011111110110111100100000001011101111000111111111110000000010000111111111110000100001000010010000111011101000000011100000011000100101000001000000001100000100111111100000011011110111000000101110111011111011111011111111011100000110001000101111011111100011
111010010001010111111010111100001111001000001000111110000001000011101101111000101101111011101101000011101111001011110111111011001111001100001011111111100010000011101101000010111111101011101111000111100000010011101000000101100000100111110010000111101110110011101111111111100000101011111011111111001111110000010001111010101110110100101111000100010001001011111000001101100001000000110010
111110001101100011110111000100010001111011101010110111011111011100010000000000110000111011111010111011001110100100010110000000000000100000010111111101001111001111101110000000101111110000010000000101111111111000010111111000111111110000001100000000111111001000011110001010110000101111110101001011010000001011011111111111101101111011111000000000000001000000010001000011011110110100000100
000100011101110111110000000110001110101011110110111110001110101111011100000000110000010000000110111010111111011011101101111110011110100100001011111111000000101000100100000010011111111011011011111111100000000111010011111011000010000111111101000001100000111011111000111111011110111000010110000000100000101100011111111111000000001011111011000111111110100011111100111100010010001000001010
111011110001101100010100000010011111100011111101111111110010001011100111000100001110001000001111000010000000011000000000111100000000110000010001000101000000010011011011111101000001001011101000000001101110001000000100111011000010110111110100000011111100110011100110111001000001110000001011111101011110101111110111110110000000010111100100111110001111100011010111111001001110000100000010
111111100000011000000010000100011111110000011101110111100000100000001101111011101110000011010111110111010010000100000100000001011111011100101110000011101111110100001110000000001110111100100101111110011111100011101110000011110001110100001110111010001110100011111110000010001110011011110100111101001110111000001010111101100001011000000000000011111111110000010110000001101110111011101110
000001001111010011100101000001101110110111101111000000111111011000010001111100011111101111110011111101111110000100001000000001111111011100000000000000110000001111110111111101110000011100000110000001111111111011111011111110010001011011110100000111111110111000000011111110111111100111111010111101001111110100001010111010111111110000100101111111010000101111101111000100000000110111101101
111001111111111100000010000010011110001111110000001101110000111100100010000000000001110100000111000001011101100000000111111100100000011011111000000100001110011011110101111111100010101111100010110101010000111111111010000001111111101000010110000101001111111000001010111101010000101011101011000011010001001011111000000010100000110111111111000001101110010100011111000010000000100000000101
111011101111011000011000111001110000100000000110111111101110011000000000000000100001000011110010001000100010011011100001111001001111111011011001111010100000001100011100111110011111010011100110111111101111010011110101111011111110101011110100000000110001101111101110111100101111011100000111111100111111100000000010111101011111010000000010111110110000110011100100111110001111110000000101
000111000000100011110101000101001111000111111001000010110010001111110001000100110001000000010011111001110000000100001011000000111110100011101000000000001111011100001111111011100000000111111011111001011110100011110000111101101111111011100010000000110000011100001100111111100000011011111000111010110000011000010010000001100001000011110000111011101111100100000110000001101110111111101101
111110100001100111110011111100001110101000001100000011001111111111111101111101010001010111110011110111100001000000000100111100001110101100010010000010111111010011101110000101010000010011011101000000011111110000000101000010010001100111010010000011001110000000010000111001011111100100000111000001100000111100010011111011011110111000010101000000010001010100000110000011010000101111110010
000010010001011011111100111011111111010011110010000011101110111100010001000010110001010011101111000011000001000011111110111111100001011111111110111100011110011000000001000001111110100000100011111101011110000111111011000011101111010111111101111101001110111111101001000111110000101011000001000001101101111100111000110101001111110011111111000111000000111100001010111110101111011011101000
000101010001100000001010000000001111111011111101111110100001010000000101111101110001100111111000110011010000001011110010000001010000001100011110000000011111000011111010000001000000000011101110000001000000011011111011001100001110110100000101000100010001000011111011000100001101110011110010111101100000011000010010111001100000011000011101000000110000110111110011000001110010001111100101
111000000001100000000001000010011111110100000111000010110010001011101000111001101110100011111100111100000001101000000001001001010000011100010010111110101111001011111101000000011111011011100011000100100000010000001110000111101111011111110101000001011110111011110111000100010000110100000011111111000000101011111010111111011111010111101111111011100001100011111111000011101110110111110000
111100100000011111111110111101001110001100010110000110100000000000000000000000010010001100001001000110110010000111101100111100110000100011110001000010010000110111111101111110001111111100000100000100001101110100011001111011100010101011111010111011100000010000000011111011110000010100000101000101000000111011111100111110111110111111011010000011110001000011110001111001000000111011111100
111101001111001000000011000011001110100111111001001010010000111000001010111111001110101011111000111101000001010000000010001011100001101111110101000001111111000011110111111110100000110111101011111100011110010111111001111111010000011011111110000100001111011000000011000001000000001011110110111100101110100000100010000100001111101000011111111001000010000000010000001000001110010111110100
000010001110001000000111111011111111001100011010111101100000101000000001000110101110110100001001001000000000100011100010111101111111101100000001111111001110011100101111111111010000110011110010001000011110111100001101111011000000000100010110111110101111110011101001111000101110111100100010001001010001011111000100000001110000000010111001111011101110011111101100111001101111011011111001
000000110001100000001000111101000000001100000010000110010001110000011011111100110001011000101100000011011111001000000100111001101110001011100011000110100001010111110101111010010010010100000001110111000001010111111111111011110000000011110101000001000010000000010000000111101110001100010010111010000010001100010000111100010000100111110000111111101111011111111011000011011111101000010000
111100000000101011111100111111110000001100010001000011011111011011101100000110000000011111111000000000011111000100100101001000010000110100001100111111011111001011111001111111000000111000000101001000010001000111111010000101000000010111101011000111000001001000001000111110101111101100000110111100000000011111101110000011000001101000011101000000011110111100100000111111110000011111110001
000011001110011100001111111100100000111111110110000110001100111111110101111111110001101111110000001000101111001000010010110111010000100111110111000000001110100011011010000111100000110111101100111110110001100100001000111111111110110111111101111001000000010011111101000011010000010011110000000100111110101011111001001000010000001111111011000011111111101000001101111101011111110011110101
001010010010010111110100000101101110110100001000111101110000000000001100111111000010101000000010000011000000010011111010111100111101101011110100111111111110110100011010001000101111100011111110111001011111101000001011111100110001111011110101000000110000010000000110000001111110010111110101111111110000011011111011111111110000001011101111111111111111100100010110000110010001101111111101
111110010000100111111101111001100000001100000011111011101100111011111000000101001110001000011011000000100000011100001000111110000000010000001000001000000000000111101001111111101111010111110100000001000001001111110111000101001111001100001110000001001110110111110000000010110010001000000101111011110000011000100100111110111110101000100110111110100000110111110010000000111111110100010001
000001001110001011110001000010110000110011011101111101001110001111110110111100010001100100000010000111111110110011111101000001101111110011101110111010001110011100101101111010101111101011101110001000000001101100000110111111001111101000010011111110110010101000010011111100011110111100000001111010001111010000001100001110111101100111111101000010110000101000011101111010011110111011100101
111110110010110000001101111110110000100100001001111101110000000111111100000001000001111100110101111011011111010111100000111011111110010111101011000001100010001011110101000001000000010000010011111000010000011000011001000110010000000100010010000101000000111100000111000100101100111100000111111100111111011100000111000010000001011000000000111011110000100000000011000000100000010000100110
000000111111010111101010000101111111111000001001000011001111101100101101001000100000100000011100000110111111110111111011000001000000111011111000001010001110001100000111110111110000001111111011000101100000010000010110111000100000101100010011110111010010101111110100111111001101001100000111111111010010001011101110000010101111111100001100111100001111001000001010000110111101110100011101
111110011111010111110001000100000000111111111110000011011111110000010101111101100000010000000001000010010000011011101000111011100000010000000100000001100000010100001111111010100000111100010011111000111111101011110011000000001111011111110101111000101111010011101000111001011110010000000110001000001111010011110110000000110000011000000011111100101110111011110101000001000000110100010101
111001111111100000011111111110001111011100000010000101111111000000001010000100100001011011110010110110001110101100001011000010100000110100011100111010001101100011100111000000001111010011111100000001000001010000010100111110000010000000001110111011101111011011110010111011010010011111100011000011011111011011011110000010011111100011111001001001000000010100000100000001110001100011001011
111110010000011100001101111001110000011111110011111110110000001100000000111110001111110100001000111010000000001000000111000100111111110011111110111110101110010111111110000010011110000011111011000000101111101111111110000101101111011111100110111001110001011100011101111001001111111111110010000010011111101100001001000000010000110111111001000000001111110011110000000001011111110111110110
110011010000100011111111111011111111111100000011000000110001011000000001111100101111010011101110000111111111111100000100000010011111010100001010111101110001011000001100111110010000010100010001111110111111101011110101000100001110111000110001000001101111011011111011001010100001010100000111111111101110100011110011000000100000000111110100110101100000101011111010111110001111010011100110
000110011111111000001000000001101110111100000010111011110000111100001011111101001111101000000011111111011111111111111001000011101111011011110111111111101110100100010001111110010000101011011111111010111110100011101100111010011111000111101100111110101111101000000101111001111110111100110001111111000000010111100010000100110000101011101000000001010000111111111100111011001110100011011110
111111010000011011111110111100011110101000011011000111000001011111110001111101100000011011111001000011010000100100001110111101010000000000001010111010001111001011101000111100101111111100011011000001101111101000000010000100001101101111111011000101110000100100011111111100000000101111110001111100110001000000000111111001111111110111111010000110101101111011111101000100000000100011111011
111111101111011000011100111100100010001100010011000010111111111011110101000000000000010011111000000001010000010111111011000010001101110011011100000001000001011011111100000010110010101011111111000100011100010100000000000100000000110000000111111110110001000111111111111100001111010111111101110111110001011111110101111010101111101000100100000000110001111100001100000110111101110000001111
000000000000001000001000111110111110100000010111111101000001001011111111000011011111100100001100000001111111010011011111111110011111010000100010110111010000110011110001111100010000110000001011111101011111011000011110111110000000101011110110111110111110010111100111111001110001100011111001111110011111101111101001111000001110100011111011000010000001000111100100000100000000101111110111
111100001111001111010100000000101111110000001100000101000001010100100101000100001110111100010010000110100001000011011110001000010000110011111010111100011110101111110110110110011111011100110011000110000000001111110110000001111111110000100110000000000000010100000000111100011111111000001001110011110000011100001001110111011111100000000011000100100000000000001010111110101101010011111011
000011011110101011110111111010110001000111101110000000000010011100010110111111110000010111101001111011101111010111111000000100010000011111110010111111000000011000001110000010001110100111100010000000001111111011111011000000001111111000000110000010001101010011011000000000010000000100000001000000111111010111101100111100011111000000100011110101010000110111110010000101010000011100001001
111101100010011011111101000110001110111111110110000100110001000011110101000000011111010011110000000011001101101111111100000000001111000111111010111111110000101000010011001000011111001000110001000001100000000111100101000010001111110100001101000001100000110100001100111000010001110011101010000100110010001000011001111110101111010100001101111011101111000111111010111010001111011000001010
111010110001011111110100000000111110100000010011110111111111010011111000001000101110000000000111111011010010001000000001110111000001000100100010111111010000001011110101111010101111100000000011111010000010100000010101111101010000001000000111000100101111110011100101111111001111011111111101111010100001000100000011000010100010011111110101111101111110001000011101111101011110111011111010
000100011111001111101110111000111111101000011001111000001110110000001001000101000000111011110010000100001111010100000100000000000000100011110010000101001110101111011100111110011110111100100100000101100001011000001101111100111110100000000101110011101111100111110110111000111111011111111110111100110001000100101110111110001110010011110011000111000000001100110011000110010000010111110011
111100000000001100000111000000011111111011111111111110010001011000010110001000101111110011101101000110101111100011111010111000101110010111110111111100111110101000000010111101101111000100001010111100010010001111111010001101000000101100001101000000000000000000000000000101001110001000010011000101010000110011110101000110111111011100000101000001101111110011111111000010110000000100000111
000011110000011000000010111011001110000000001010000110011110101000001001111011101111001000000100000100010000010011110100000011101111111000001001000010111111011011011001111101100001001111111011111001011111000000101100000010100000000000010101000000001111111011111101000101100001100100011111000001000000111100000010000000110001011011111100110101110000111000000101000010011111110000001010
111100010000100000000111000010000001000100001011000110110000001100000110111010101111100000000100000101000000111100000010111111100001000000000011111110010000000100000010111100111111001000010100000110100001000100001000111011100000100100001000111100001111011100001101111101000000010100010011111110010000010100010000110101110001101011011000001000011110011011110100111011000000010111110010
111011010001100000000101001000110000110000000011111111100000011100000000000011000000011001000100111010100001101111110000000100001111010111111100111110011111110000100011000000101110111111101001111011001111010111110100000010101111011111101011000001010000000111011011111011000001110000010101000011110001010000001010000100100000011100100001111100001111101100000111110110100000001111010010
111010011110101000000011000001111111001100011011111110111111110111111000110011101111001000011111000000000001010011101010000101110000000100000101111010011111011011110111111001010010000000000100000001001110101111111100110110011111110011111011111111010000100000001101111011100000100000000010111010010000110111100001000100101111111011110000000011111111101111110000111110010000011000010100
111000011101100111101110000110000001100111111101000111110010100000001010000011100000010000010000111111010001101000001111111110000000001011111011000111010001011100001101111101000001100000000001000010100010110100010101000010101110011000001000111010100000111111110011000000101111101100011001000001001111000000011001000101011111110100001011111010101101001100111111111111011111101100001101
111010110000100111100101111101100000000100000100111111010000001000000100000001011111111000101001000000001111101100000110000011101111101111101111000001000000011100001101111011010001000011101110111110010000110111111000000010001110101111110110110111100000001100011011000100010000000000010011111011010001010000001100001010011111101000001011111110011111011011111111000100011110111000010000
111010100010010100010101000010000010000000010000000000000001000100010010000001001110110000011011111001000000110000010000111011100001010100011100111010100000001111100110111111111110101111111010110111110000000100100001111100111110101000001100110110111101100011110110111111000000001000000001111000000010010011100111111110110001100011110010000101000001011011101110111101101111101000001100
110001100000100000001000000100110000111100000011000011001110010000010000111110101101100011101100111001110000110011110001000000011111011111110011111011000001100000100001000001010000001100000010000001011111010000001100111001000000001011100010001001101111011000000100000010100000011011101011111100111111110111010010000011110000111111011001111011011101101111111101111111110011001100010011
000101010000000000010001000000000001001100001011001000100000111111111011111001100001100111111011111101100000011011110110111011101110100100010001000100011110101000000001111110000000000111111010111011010000010000010011000001000000011000001010000001000000100111101110111110011111010111111100000101110000101011100010000101110000000111111011111111000000110111110010111111011101011011101100
110101000000100000010111000000000001001100011011000111001101111111110001111001101110110000001001000101101101010000001000111110111101100111110010111010000001000011110100000001101111010011101011000110000001001011101101000001000000010111011011000011101111101100100110111010011111011011111110000001000001001000001011110111100010000111010110111000101111011111110001111101010000111111110011
111111110011000000000101000101011111001100000110000100001110110011111111000100110000010011101100000100100001001011111011111111111111000111111001110111011110011111101101000001010010110100010101111010100010001011100110000101010000101000101000111110100000001000000101001001101111001011101101111001100010100000011011000001001111011011110100111011111111101100001101111110111111000111111110
111101001101111011110110111111100000110000000010000101001111110011101000111101100000100111100111000011000000110111110110111100000000001000001111000011110001000100011000000001101110100111110010111110111110000100010110111001111111110100000101111010110000011000000001111110011110101000001101111110000000001111101011000100011111110100001010111100001110110111110000111111101110011100011000
000101010000110011101111111110100001010111110011000111111111110111101110111011110000100111101001111110110000000000010100000101010000001011101111111111110000111111111100000001000000110011101000111110011111011100000010000000100000010000001110000010101111100000100010111101110000000000000110000100011111010011110010000110111111101000011111111010010000101100001010111111000000000000010101
111000001110101100011111000010010000001000010010000000010001011100010001111101010001101100010000000111000000000111100100000101111111110000000111111001100000100111110101000001110001111000011101000111100001110100000110111100000000010000010010111101011111110000100000111100110000010100001111000100010001010100011010111010110010001011101101111100101111001100010101111100000001100111101111
111101111111110100011010000010101111000100001000000010100000111000001000000010001111111100010111111111100000101111111100000101111110111000010000000011101110011011111101000001110001001100001001000000110000101000000100001100001111011000100001000011000010001111111101000100001110000100001111000100100000110000000110001001110000011000001101000000001111101100000111111100111110110100010010
111011100001101000010001111101011110011000001100000001011111011100010010001001011111111011110100000001101110100000010001111101110010011100010110000010111111011011110001000000001111010111111000111110101110100011111011111011110000001111111101111101011111110111101000111011111111110111011101000001110000011111100010111100000000011111011100111101001110110011001110000110010000011000001110
000101001111011111101111000111110000111000010111000010111111101100010000111001110010011100001001000110111111011111111110111111011111111111110100000000000000100000010010000010011111010100000100000010001110110000011110111110100001101100001010110100100000111000000110000000010001111000000000111110110001010111110101000011010000011000001001000000111111110111110010000000110000000111100110
111100101110101100010000111111110000011000001001000010010000011111110011000000001110000000001100000000101111011100001100000101111110001000011100000001001110110011111101111100110000111100010100000100011110101111110011111101100001010111111110111111100000101111110011000000001111000111111100111100010001011000010100000110101111111100000100000011100000110000000110000011001110101000000000
000001110000110111111010111110100001110100001100111010001111110100010100111100011111111100010001000010000000010011111010000001101111111011111001111101010001000111111000000101111111001011101101000110111111011011101111111110011111010111010010111111011111111100100110001100110000110111111001000001010000010011110001111100010001100011110011111010110000000000001100111110001101110111101011
000000111101111000001110111010011110100000001010111110011110000100000111111011011111000011101000111100100000110000010010111100100001011011110010000000101110010111111110111001110000011100001000111101100001101100001100000100111111100111111011111011100001000000010100000000010000110000100010001100101110110011101100000010111111011100001011000101001111110000001100000001100011110000010111
111000100000101000000111111111101110001111111000001010000001001111110110000010100000011011110110111001100000000000001110110110100000000011110101111011001111001100000111000111011111101011110010111000100001010111110100111110001111001111110100000001000001011000000100111100100001111011110110000100011111000011111100111111101110101000001000000010001110100011110001110111100001010100000000
000011011110010111111101111010100001000011111100111111101110100000010001000100100000001011111101000001000000110011110001000010000001011111101010000111101111001011110100111011101110010111100111000000100000010100000000111110101110101100000001111000110000000000000000000101101111100011111011111001011111010011101010111000011111001011111000111011001111100011111001001010100000110111111001
111100101110111000110101000010010000000000001001000000011111110000001001000101101110110011111001111110110000001000000010001000110000110100000101111100011111000000001110111011101110011100000101000111101101110100000011110110110001000100000000000011111111001100010011111110010000100111100110111110110000101111110011110101010000101011101011000000111111011100010001111101011111110111100111
